4294967279,10
4294967278,324
190,4
190,5
4294967294,902
4294967294,423
4294967278,189
4294967294,76
4294967294,41
4294967278,392
4294967294,42
4294967294,45
4294967294,426
4294967294,44
4294967294,91
4294967294,90
4294967294,87
4294967294,85
4294967294,84
4294967294,53
4294967294,52
4294967279,308
4294967278,320
4294967279,321
4294967278,352
4294967279,184
4294967278,183
190,6
4294967278,182
190,3
190,2
190,1
4294967278,181
175,7
175,1
4294967278,180
189,5
4294967294,83
4294967278,179
4294967278,178
165,4
4294967278,317
180,4
183,4
186,4
4294967279,304
189,4
4294967279,338
4294967279,527
4294967279,167
189,6
4294967279,165
189,3
189,2
189,1
4294967279,336
4294967279,539
4294967279,0
188,4
4294967294,30
4294967294,61
4294967294,50
4294967294,12
188,5
4294967294,903
4294967294,185
4294967294,1417
4294967279,291
4294967279,281
188,6
4294967279,152
188,3
188,2
188,1
4294967294,9
4294967294,8
0,7
4294967294,81
4294967294,68
4294967294,11
4294967294,5
4294967279,150
172,4
175,4
175,6
4294967294,969
4294967294,6
4294967294,22
4294967294,472
4294967294,972
168,5
176,4
176,5
176,1
187,5
4294967278,132
4294967278,131
4294967278,130
4294967278,129
4294967278,128
4294967278,127
4294967278,126
4294967278,125
4294967278,124
4294967278,123
4294967278,122
4294967278,121
4294967278,120
4294967278,119
4294967278,118
4294967278,117
4294967278,116
4294967278,115
4294967278,114
4294967278,113
4294967278,112
4294967278,111
4294967278,110
4294967278,109
4294967278,108
4294967278,107
4294967278,106
4294967278,105
4294967278,104
4294967278,103
4294967278,102
4294967278,101
4294967278,100
4294967278,99
4294967278,98
4294967278,97
4294967278,96
4294967278,95
4294967278,94
4294967278,93
4294967278,92
4294967278,91
4294967278,90
4294967278,89
4294967278,87
4294967278,86
4294967278,85
4294967278,84
4294967278,83
4294967278,82
4294967278,81
4294967278,80
4294967278,79
4294967278,78
4294967278,77
4294967278,76
4294967278,75
4294967278,74
4294967278,73
4294967278,72
4294967278,71
4294967278,70
4294967278,69
4294967278,68
4294967278,67
4294967278,66
4294967278,65
4294967278,64
4294967278,63
4294967278,62
4294967279,83
4294967279,79
4294967279,77
4294967279,76
4294967279,68
4294967279,66
4294967279,61
4294967279,59
4294967279,55
4294967279,51
4294967279,50
4294967279,48
4294967279,45
4294967279,43
4294967279,42
4294967279,39
4294967279,36
4294967279,30
4294967279,88
4294967279,24
4294967279,23
4294967279,22
4294967279,18
4294967279,16
4294967279,13
4294967279,11
4294967279,9
4294967279,8
4294967279,7
4294967279,6
4294967279,5
4294967279,4
168,4
4294967279,547
187,4
4294967294,96
4294967294,94
161,4
4294967294,0
4294967279,26
4294967294,107
4294967294,93
4294967294,95
4294967294,17
4294967294,67
4294967294,99
4294967294,471
4294967294,1416
4294967294,25
4294967294,82
4294967294,92
4294967294,88
4294967294,86
4294967294,1414
4294967294,418
4294967294,950
4294967294,26
4294967294,949
4294967294,29
4294967294,921
4294967294,28
4294967294,920
4294967294,27
4294967294,470
4294967294,946
4294967294,416
4294967294,51
4294967294,1
0,5
4294967294,43
4294967279,298
4294967294,7
4294967279,140
4294967279,137
187,6
187,3
187,2
187,1
4294967279,335
4294967293,131
4294967293,130
4294967293,129
4294967293,128
4294967293,127
4294967293,126
4294967293,125
4294967293,124
4294967293,123
4294967293,122
4294967293,121
4294967293,120
4294967293,119
4294967293,118
4294967293,117
4294967293,116
4294967293,115
4294967293,114
4294967293,113
4294967293,112
4294967293,111
4294967293,110
4294967293,109
4294967293,108
4294967293,107
4294967293,106
4294967293,105
4294967293,104
4294967293,103
4294967293,102
4294967293,101
4294967293,100
4294967293,99
4294967293,98
4294967293,97
4294967293,96
4294967293,95
4294967293,94
4294967293,93
4294967293,92
4294967293,91
4294967293,90
4294967293,89
4294967293,88
4294967293,87
4294967293,86
4294967293,85
4294967293,84
4294967293,83
4294967293,82
4294967293,81
4294967293,80
4294967293,79
4294967293,78
4294967293,77
4294967293,76
4294967293,75
4294967293,74
4294967293,73
4294967293,72
4294967293,71
4294967293,70
4294967293,69
4294967293,68
4294967293,67
4294967293,66
4294967293,65
4294967293,64
4294967293,63
4294967293,62
4294967293,61
4294967293,60
4294967293,59
4294967293,58
4294967293,57
4294967293,56
